      338251.3269     1769239.1045           1.5285              989              684
      338234.7934     1769211.0631           1.7050              838              726
      338270.6614     1769205.5595           1.3052              985              804
      338232.2271     1769140.1080           1.5901              521              957
      338208.8389     1769131.8269           1.3085              413              910
      338314.5229     1769231.1940           2.5649             1287              800
      338247.4954     1769218.3620           1.4723              916              728
      338264.5858     1769283.8700           1.2725             1141              611
      338320.0428     1769244.2540           2.6399             1340              770
      338285.2500     1769278.5130           1.3807             1222              643
      338272.9695     1769305.7737           1.3610             1211              583
      338248.4552     1769321.0571           2.2394             1143              536
      338277.7171     1769443.4102           1.8030             1379              424
      338313.1773     1769435.2823           1.9331             1442              435
      338298.9950     1769208.5288           1.3297             1149              850
	  338315.2680     1769597.0370           2.3610             1568              335
      338375.8130     1769428.1120           2.5510             1731              493
      338369.7870     1769263.9610           1.7960             1672              811
